L	-0.1346	3.1031	1477010443300000	-0.0118	2.9997	-0.0785	0.9969
R	3.6959	1.5657	0.9280	1477010443700000	-0.0712	3.3950	-0.2028	0.9792
L	-0.0802	3.5951	1477010444100000	-0.1797	3.7797	-0.3239	0.9461
R	4.4153	1.6234	0.7451	1477010444500000	-0.3356	4.1478	-0.4399	0.8980
L	-0.5696	4.3342	1477010444900000	-0.5364	4.4935	-0.5490	0.8358
R	4.5334	1.7610	0.9076	1477010445300000	-0.7789	4.8112	-0.6494	0.7604
L	-0.7765	5.1206	1477010445700000	-1.0593	5.0961	-0.7396	0.6730
R	5.5811	1.7812	0.7674	1477010446100000	-1.3732	5.3436	-0.8181	0.5750
L	-1.6714	5.6788	1477010446500000	-1.7157	5.5498	-0.8838	0.4679
R	6.0475	1.8859	-0.3352	1477010446900000	-2.0813	5.7114	-0.9354	0.3535
L	-2.6906	5.9641	1477010447300000	-2.4643	5.8259	-0.9724	0.2334
R	6.6059	2.0072	0.9178	1477010447700000	-2.8586	5.8916	-0.9940	0.1097
L	-3.1907	5.7088	1477010448100000	-3.2580	5.9073	-0.9999	-0.0157
R	7.0498	2.1312	0.7162	1477010448500000	-3.6563	5.8728	-0.9900	-0.1409
L	-4.1054	5.5390	1477010448900000	-4.0471	5.7886	-0.9646	-0.2639
R	7.3420	2.2299	0.5143	1477010449300000	-4.4242	5.6562	-0.9239	-0.3827
L	-4.7806	5.3115	1477010449700000	-4.7818	5.4775	-0.8686	-0.4955
R	7.0777	2.3179	0.2484	1477010450100000	-5.1142	5.2554	-0.7997	-0.6004
L	-5.4369	4.9375	1477010450500000	-5.4161	4.9934	-0.7181	-0.6959
R	7.1127	2.3994	0.1015	1477010450900000	-5.6828	4.6957	-0.6253	-0.7804
L	-6.0327	4.2186	1477010451300000	-5.9101	4.3668	-0.5225	-0.8526
R	6.8822	2.5850	-0.4355	1477010451700000	-6.0944	4.0121	-0.4115	-0.9114
L	-6.1224	3.4757	1477010452100000	-6.2327	3.6371	-0.2941	-0.9558
R	7.4722	2.6723	-0.2275	1477010452500000	-6.3230	3.2476	-0.1719	-0.9851
L	-6.2603	2.8697	1477010452900000	-6.3637	2.8500	-0.0471	-0.9989
R	7.3001	2.7768	-0.2209	1477010453300000	-6.3543	2.4503	0.0784	-0.9969
L	-6.4859	1.8779	1477010453700000	-6.2949	2.0550	0.2028	-0.9792
R	6.3512	2.8306	-1.0304	1477010454100000	-6.1864	1.6703	0.3239	-0.9461
L	-5.9146	1.3466	1477010454500000	-6.0305	1.3022	0.4399	-0.8980
R	5.6598	2.9432	-1.0533	1477010454900000	-5.8297	0.9566	0.5490	-0.8358
L	-5.6730	0.8892	1477010455300000	-5.5872	0.6388	0.6494	-0.7604
R	4.5023	3.1100	-0.8575	1477010455700000	-5.3068	0.3539	0.7396	-0.6730
L	-4.9183	0.3989	1477010456100000	-4.9928	0.1064	0.8181	-0.5750
R	4.1496	-3.1274	-0.9302	1477010456500000	-4.6504	-0.0997	0.8838	-0.4680
L	-4.3559	-0.2878	1477010456900000	-4.2848	-0.2614	0.9354	-0.3535
R	3.7830	-3.0084	-0.8004	1477010457300000	-3.9018	-0.3759	0.9724	-0.2335
L	-3.3611	-0.5804	1477010457700000	-3.5075	-0.4416	0.9940	-0.1098
R	3.4467	-3.0043	-1.4340	1477010458100000	-3.1080	-0.4572	0.9999	0.0157
L	-2.8980	-0.6003	1477010458500000	-2.7098	-0.4228	0.9900	0.1409
R	2.3702	-2.9854	-0.5340	1477010458900000	-2.3190	-0.3386	0.9646	0.2638
L	-2.0654	-0.2484	1477010459300000	-1.9419	-0.2062	0.9239	0.3827
R	1.7828	-3.1478	-1.0922	1477010459700000	-1.5843	-0.0275	0.8686	0.4954
L	-1.3381	0.1551	1477010460100000	-1.2519	0.1946	0.7997	0.6004
R	1.6988	2.6978	-0.0772	1477010460500000	-0.9500	0.4566	0.7181	0.6959
L	-0.9571	0.6329	1477010460900000	-0.6833	0.7543	0.6253	0.7804
R	1.1845	1.9720	0.5925	1477010461300000	-0.4560	1.0832	0.5225	0.8526
L	-0.2070	1.2954	1477010461700000	-0.2717	1.4379	0.4115	0.9114
R	1.8311	1.6063	0.9231	1477010462100000	-0.1334	1.8130	0.2941	0.9558
L	-0.1602	2.1572	1477010462500000	-0.0431	2.2024	0.1720	0.9851
R	2.6094	1.5854	1.3535	1477010462900000	-0.0024	2.6000	0.0471	0.9989
L	0.4384	2.8610	1477010463300000	0.0039	2.9999	0.0471	0.9989
R	3.0488	1.5943	1.0302	1477010463700000	0.0509	3.3969	0.1720	0.9851
L	0.3049	3.8059	1477010464100000	0.1473	3.7848	0.2941	0.9558
R	4.4582	1.4759	0.2924	1477010464500000	0.2915	4.1576	0.4115	0.9114
L	0.5223	4.2090	1477010464900000	0.4813	4.5094	0.5225	0.8526
R	5.2452	1.4471	0.5307	1477010465300000	0.7137	4.8347	0.6253	0.7804
L	1.1631	5.3198	1477010465700000	0.9851	5.1282	0.7181	0.6959
R	6.2638	1.3359	1.1354	1477010466100000	1.2911	5.3854	0.7997	0.6004
L	1.8524	5.6635	1477010466500000	1.6269	5.6023	0.8686	0.4954
R	6.3730	1.3002	0.5293	1477010466900000	1.9873	5.7753	0.9239	0.3827
L	2.5441	5.9375	1477010467300000	2.3664	5.9018	0.9646	0.2638
R	6.5148	1.1375	0.4831	1477010467700000	2.7585	5.9798	0.9900	0.1409
L	2.9427	6.0181	1477010468100000	3.1572	6.0080	0.9999	0.0157
R	7.1678	1.0508	0.8657	1477010468500000	3.5564	5.9861	0.9940	-0.1098
L	4.0769	5.9630	1477010468900000	3.9496	5.9142	0.9724	-0.2335
R	7.1670	0.9314	1.0085	1477010469300000	4.3308	5.7937	0.9354	-0.3535
L	4.4970	5.6201	1477010469700000	4.6938	5.6263	0.8838	-0.4680
R	7.1094	0.7984	0.3247	1477010470100000	5.0330	5.4148	0.8181	-0.5750
L	5.1517	5.2081	1477010470500000	5.3430	5.1624	0.7396	-0.6730
R	7.6607	0.7242	-0.0227	1477010470900000	5.6189	4.8732	0.6494	-0.7604
L	5.8247	4.4257	1477010471300000	5.8564	4.5516	0.5490	-0.8358
R	7.2445	0.6404	0.1217	1477010471700000	6.0517	4.2029	0.4399	-0.8980
L	6.2344	3.7121	1477010472100000	6.2018	3.8324	0.3239	-0.9461
R	6.8375	0.5234	0.0759	1477010472500000	6.3042	3.4460	0.2028	-0.9792
L	6.5130	3.0838	1477010472900000	6.3574	3.0498	0.0784	-0.9969
R	7.1562	0.3677	-0.0549	1477010473300000	6.3606	2.6501	-0.0471	-0.9989
L	5.9418	2.3678	1477010473700000	6.3136	2.2531	-0.1719	-0.9851
R	6.7554	0.3183	-0.2054	1477010474100000	6.2172	1.8651	-0.2941	-0.9558
L	5.8993	1.5011	1477010474500000	6.0730	1.4923	-0.4115	-0.9114
R	5.6370	0.2133	-0.2129	1477010474900000	5.8832	1.1405	-0.5225	-0.8526
L	5.5593	1.0550	1477010475300000	5.6507	0.8153	-0.6253	-0.7804
R	4.5478	0.1177	-0.8292	1477010475700000	5.3794	0.5218	-0.7181	-0.6959
L	5.0998	0.3813	1477010476100000	5.0734	0.2645	-0.7997	-0.6004
R	5.1910	0.0086	-0.7114	1477010476500000	4.7376	0.0477	-0.8686	-0.4955
L	4.4089	0.0617	1477010476900000	4.3772	-0.1253	-0.9239	-0.3827
R	4.2497	-0.0255	-1.0106	1477010477300000	3.9980	-0.2518	-0.9646	-0.2639
L	3.3500	-0.2392	1477010477700000	3.6060	-0.3298	-0.9900	-0.1409
R	3.7162	-0.0982	-0.8585	1477010478100000	3.2072	-0.3580	-0.9999	-0.0157
L	2.8639	-0.4441	1477010478500000	2.8081	-0.3361	-0.9940	0.1097
R	2.6812	-0.1491	-0.5915	1477010478900000	2.4149	-0.2643	-0.9724	0.2334
L	2.1621	-0.0115	1477010479300000	2.0337	-0.1437	-0.9354	0.3535
R	2.0203	0.0055	-0.0397	1477010479700000	1.6707	0.0236	-0.8838	0.4679
L	1.2652	0.1911	1477010480100000	1.3315	0.2352	-0.8181	0.5750
R	1.4950	0.4497	-0.1597	1477010480500000	1.0215	0.4875	-0.7396	0.6730
L	0.6981	1.1235	1477010480900000	0.7456	0.7768	-0.6494	0.7604
R	0.9122	1.1882	0.1548	1477010481300000	0.5081	1.0983	-0.5490	0.8358
L	0.2623	1.2575	1477010481700000	0.3128	1.4471	-0.4399	0.8980
R	1.8970	1.4372	0.6630	1477010482100000	0.1627	1.8176	-0.3239	0.9461
L	-0.1165	2.1824	1477010482500000	0.0603	2.2040	-0.2028	0.9792
R	2.4854	1.5173	1.4612	1477010482900000	0.0071	2.6002	-0.0785	0.9969
